
4 4 4 5100.0 2100.0 3000.0
4 4 4 5100.0 2100.0 3000.0
4 4 4 5100.0 2100.0 3000.0
4 4 4 5100.0 2100.0 3000.0
4 4 4 5100.0 2100.0 3000.0
4 4 4 5100.0 2100.0 3000.0
4 4 4 5100.0 2100.0 3000.0
4 4 4 5100.0 2100.0 3000.0
4 4 4 5100.0 2100.0 3000.0
4 4 4 5100.0 2100.0 3000.0
4 4 4 5100.0 2100.0 3000.0
1472 10000 10 12700.0 5500.0 7200.0
1472 10000 10 12700.0 5500.0 7200.0
1472 10000 10 12700.0 5500.0 7200.0
11112 10000 5316 7818144.0 706834.0 7111310.0
11112 10000 5316 7818144.0 706834.0 7111310.0
11112 10000 5316 7818144.0 706834.0 7111310.0
11112 10000 5316 7818144.0 706834.0 7111310.0
11112 10000 5316 7818144.0 706834.0 7111310.0
11112 10000 5316 7818144.0 706834.0 7111310.0
11112 10000 5316 7818144.0 706834.0 7111310.0
11112 10000 5316 7818144.0 706834.0 7111310.0
11112 10000 5316 7818144.0 706834.0 7111310.0
11112 10000 5316 7818144.0 706834.0 7111310.0
11112 10000 5316 7818144.0 706834.0 7111310.0
11112 10000 5316 7818144.0 706834.0 7111310.0
184 100 66 60120.0 8339.0 51781.0
184 100 66 60120.0 8339.0 51781.0
184 100 66 60120.0 8339.0 51781.0
184 100 66 60120.0 8339.0 51781.0
184 100 66 60120.0 8339.0 51781.0
184 100 66 60120.0 8339.0 51781.0
184 100 66 60120.0 8339.0 51781.0
184 100 66 60120.0 8339.0 51781.0
184 100 66 60120.0 8339.0 51781.0
184 100 66 60120.0 8339.0 51781.0
1638 1000 738 869796.0 97803.0 771993.0
1638 1000 738 869796.0 97803.0 771993.0
1638 1000 738 869796.0 97803.0 771993.0
1638 1000 738 869796.0 97803.0 771993.0
1638 1000 738 869796.0 97803.0 771993.0
1638 1000 738 869796.0 97803.0 771993.0
1638 1000 738 869796.0 97803.0 771993.0
1638 1000 738 869796.0 97803.0 771993.0
1638 1000 738 869796.0 97803.0 771993.0
1638 1000 738 869796.0 97803.0 771993.0
1638 1000 738 869796.0 97803.0 771993.0
1638 1000 738 869796.0 97803.0 771993.0
11112 10000 5316 7818144.0 706834.0 7111310.0
11112 10000 5316 7818144.0 706834.0 7111310.0
11112 10000 5316 7818144.0 706834.0 7111310.0
11112 10000 5316 7818144.0 706834.0 7111310.0
11112 10000 5316 7818144.0 706834.0 7111310.0
61541 50000 24263 3.0343599E7 3141004.0 2.7202595E7
61541 50000 24263 3.0343599E7 3141004.0 2.7202595E7
61541 50000 24263 3.0343599E7 3141004.0 2.7202595E7
61541 50000 24263 3.0343599E7 3141004.0 2.7202595E7
1638 1000 738 869796.0 97803.0 771993.0
1638 1000 738 869796.0 97803.0 771993.0
1638 1000 738 869796.0 97803.0 771993.0
184 100 66 60120.0 8339.0 51781.0
184 100 66 60120.0 8339.0 51781.0
184 100 66 60120.0 8339.0 51781.0
184 100 66 60120.0 8339.0 51781.0
