4 4 4 5100.0 2100.0 3000.0
4 4 4 5100.0 2100.0 3000.0
4 4 4 5100.0 2100.0 3000.0
4 4 4 5100.0 2100.0 3000.0
4 4 4 5100.0 2100.0 3000.0
4 4 4 5100.0 2100.0 3000.0
0 0 0 0.0 0.0 0.0
1471 10000 10 12700.0 5500.0 7200.0
0 0 0 0.0 0.0 0.0
1472 10000 10 12700.0 5500.0 7200.0
1473 10000 10 12700.0 5500.0 7200.0
1473 10000 10 12700.0 5500.0 7200.0
1472 10000 10 12100.0 5500.0 6600.0
1471 10000 12 14900.0 6500.0 8400.0
1234 8523 10 12700.0 5500.0 7200.0
1422 9623 10 12700.0 5500.0 7200.0
1468 10000 39 56600.0 22400.0 34200.0
1464 10000 63 86900.0 35900.0 51000.0
1473 10000 15 22200.0 9000.0 13200.0
1472 10000 17 23400.0 9600.0 13800.0
1468 10000 39 56600.0 22400.0 34200.0
1472 10000 16 21100.0 9100.0 12000.0
1468 10000 37 53700.0 21300.0 32400.0
1468 10000 51 70000.0 29200.0 40800.0
1472 10000 13 18100.0 7300.0 10800.0
1462 10000 72 101700.0 41100.0 60600.0
1461 10000 80 114500.0 46100.0 68400.0
1458 10000 104 150700.0 60100.0 90600.0
11222 10000 5286 7839439.0 707165.0 7132274.0
11228 10000 5287 7847380.0 706639.0 7140741.0
11238 10000 5278 7870169.0 705728.0 7164441.0
11244 10000 5284 7881649.0 706962.0 7174687.0
11248 10000 5283 7865927.0 706507.0 7159420.0
11266 10000 5278 7872561.0 706106.0 7166455.0
11225 10000 5280 7842573.0 706197.0 7136376.0
11245 10000 5277 7866149.0 705940.0 7160209.0
11249 10000 5281 7873553.0 705987.0 7167566.0
11254 10000 5282 7881408.0 706366.0 7175042.0
11215 10000 5284 7853735.0 706119.0 7147616.0
11215 10000 5284 7853735.0 706119.0 7147616.0
11215 10000 5284 7853735.0 706119.0 7147616.0
11215 10000 5284 7853735.0 706119.0 7147616.0
11215 10000 5284 7853735.0 706119.0 7147616.0
11218 10000 5288 7857557.0 707228.0 7150329.0
11205 10000 5289 7841467.0 707012.0 7134455.0
11260 10000 5282 7858349.0 707086.0 7151263.0
11256 10000 5280 7860604.0 707216.0 7153388.0
11259 10000 5280 7891759.0 706587.0 7185172.0
11258 10000 5280 7891196.0 706692.0 7184504.0
11248 10000 5277 7895140.0 706187.0 7188953.0
11248 10000 5278 7903231.0 706291.0 7196940.0
11226 10000 5283 7867911.0 706695.0 7161216.0
11249 10000 5282 7871035.0 706403.0 7164632.0
11227 10000 5282 7856939.0 706136.0 7150803.0
11229 10000 5285 7838225.0 706382.0 7131843.0
11264 10000 5281 7818063.0 706633.0 7111430.0
11249 10000 5283 7833730.0 707261.0 7126469.0
11264 10000 5275 7805502.0 705327.0 7100175.0
11243 10000 5280 7801273.0 706649.0 7094624.0
11255 10000 5267 7848791.0 704790.0 7144001.0
11239 10000 5276 7882834.0 705407.0 7177427.0
11271 10000 5268 7896645.0 704652.0 7191993.0
11215 10000 5289 7850445.0 707564.0 7142881.0
11252 10000 5284 7873541.0 706721.0 7166820.0
11240 10000 5280 7831840.0 706093.0 7125747.0
11259 10000 5273 7843649.0 705893.0 7137756.0
11220 10000 5282 7892798.0 706140.0 7186658.0
11212 10000 5284 7849071.0 706424.0 7142647.0
11215 10000 5284 7853735.0 706119.0 7147616.0
11215 10000 5284 7853735.0 706119.0 7147616.0
11215 10000 5284 7853735.0 706119.0 7147616.0
11215 10000 5284 7853735.0 706119.0 7147616.0
11215 10000 5284 7853735.0 706119.0 7147616.0
11215 10000 5284 7853735.0 706119.0 7147616.0
11255 10000 5280 7861642.0 706312.0 7155330.0
11243 10000 5284 7885161.0 706299.0 7178862.0
11257 10000 5278 7869458.0 706445.0 7163013.0
11252 10000 5280 7883264.0 706372.0 7176892.0
11264 10000 5280 7880585.0 706995.0 7173590.0
11248 10000 5284 7870758.0 706983.0 7163775.0
11221 10000 5278 7887944.0 705810.0 7182134.0
11222 10000 5285 7904515.0 706409.0 7198106.0
11239 10000 5279 7890430.0 706036.0 7184394.0
11215 10000 5284 7908697.0 706500.0 7202197.0
184 100 66 60120.0 8339.0 51781.0
184 100 66 60120.0 8339.0 51781.0
184 100 66 60120.0 8339.0 51781.0
184 100 66 60120.0 8339.0 51781.0
184 100 66 60120.0 8339.0 51781.0
184 100 66 60120.0 8339.0 51781.0
184 100 66 60120.0 8339.0 51781.0
184 100 66 60120.0 8339.0 51781.0
184 100 66 60120.0 8339.0 51781.0
184 100 66 60120.0 8339.0 51781.0
184 100 66 60120.0 8339.0 51781.0
184 100 66 60120.0 8339.0 51781.0
184 100 66 60120.0 8339.0 51781.0
184 100 66 60120.0 8339.0 51781.0
184 100 66 60120.0 8339.0 51781.0
1638 1000 738 959086.0 97803.0 861283.0
1638 1000 738 951228.0 97803.0 853425.0
1638 1000 738 958461.0 97803.0 860658.0
1638 1000 738 951278.0 97803.0 853475.0
1638 1000 738 959080.0 97803.0 861277.0
1638 1000 738 951016.0 97803.0 853213.0
1638 1000 738 962231.0 97803.0 864428.0
1638 1000 738 964456.0 97803.0 866653.0
1638 1000 738 965572.0 97803.0 867769.0
1638 1000 738 965311.0 97803.0 867508.0
1638 1000 738 964717.0 97803.0 866914.0
1638 1000 738 963651.0 97803.0 865848.0
1638 1000 738 956948.0 97803.0 859145.0
1638 1000 738 932103.0 97803.0 834300.0
1638 1000 738 913118.0 97803.0 815315.0
1638 1000 738 898360.0 97803.0 800557.0
1638 1000 738 899495.0 97803.0 801692.0
1638 1000 738 904494.0 97803.0 806691.0
1638 1000 738 965676.0 97803.0 867873.0
1638 1000 738 964839.0 97803.0 867036.0
1638 1000 738 965311.0 97803.0 867508.0
1638 1000 738 961879.0 97803.0 864076.0
1638 1000 738 961879.0 97803.0 864076.0
1638 1000 738 961879.0 97803.0 864076.0
1638 1000 738 961879.0 97803.0 864076.0
1638 1000 738 961879.0 97803.0 864076.0
1638 1000 738 961879.0 97803.0 864076.0
1638 1000 738 961879.0 97803.0 864076.0
1638 1000 738 961879.0 97803.0 864076.0
1638 1000 738 961879.0 97803.0 864076.0
1638 1000 738 961879.0 97803.0 864076.0
1638 1000 738 961879.0 97803.0 864076.0
1638 1000 738 961879.0 97803.0 864076.0
1638 1000 738 961879.0 97803.0 864076.0
1638 1000 738 961879.0 97803.0 864076.0
1638 1000 738 961879.0 97803.0 864076.0
1638 1000 738 961879.0 97803.0 864076.0
1638 1000 738 959245.0 97803.0 861442.0
1638 1000 738 939583.0 97803.0 841780.0
1638 1000 738 957743.0 97803.0 859940.0
1638 1000 738 956578.0 97803.0 858775.0
1638 1000 738 962667.0 97803.0 864864.0
1638 1000 738 964090.0 97803.0 866287.0
1638 1000 738 966527.0 97803.0 868724.0
1638 1000 738 954093.0 97803.0 856290.0
1638 1000 738 958408.0 97803.0 860605.0
1638 1000 738 951445.0 97803.0 853642.0
1638 1000 738 962213.0 97803.0 864410.0
1638 1000 738 961505.0 97803.0 863702.0
1638 1000 738 955202.0 97803.0 857399.0
1638 1000 738 956232.0 97803.0 858429.0
1638 1000 738 960809.0 97803.0 863006.0
11245 10000 5277 7882573.0 705666.0 7176907.0
11236 10000 5282 7901262.0 706565.0 7194697.0
11224 10000 5281 7901388.0 705837.0 7195551.0
11223 10000 5280 7894899.0 705666.0 7189233.0
11232 10000 5274 7878607.0 705189.0 7173418.0
11242 10000 5277 7881338.0 705708.0 7175630.0
11234 10000 5275 7883387.0 705543.0 7177844.0
11241 10000 5273 7900680.0 705417.0 7195263.0
11228 10000 5279 7916125.0 705748.0 7210377.0
11265 10000 5284 7852783.0 707186.0 7145597.0
11254 10000 5280 7878726.0 705991.0 7172735.0
11242 10000 5282 7847356.0 705996.0 7141360.0
11252 10000 5274 7819304.0 705838.0 7113466.0
11249 10000 5287 7869294.0 707314.0 7161980.0
11228 10000 5281 7796797.0 705941.0 7090856.0
11236 10000 5278 7883314.0 706181.0 7177133.0
11258 10000 5271 7882118.0 705185.0 7176933.0
11227 10000 5284 7891635.0 706925.0 7184710.0
11253 10000 5279 7837797.0 706577.0 7131220.0
11228 10000 5285 7904742.0 706554.0 7198188.0
11248 10000 5279 7904317.0 706157.0 7198160.0
11210 10000 5278 7876987.0 705594.0 7171393.0
11224 10000 5287 7886875.0 706890.0 7179985.0
11210 10000 5283 7914142.0 706173.0 7207969.0
11245 10000 5277 7892817.0 705475.0 7187342.0
11226 10000 5285 7905106.0 706428.0 7198678.0
11237 10000 5279 7888139.0 706128.0 7182011.0
11241 10000 5277 7891065.0 705579.0 7185486.0
11267 10000 5268 7854640.0 704922.0 7149718.0
11238 10000 5276 7857082.0 705639.0 7151443.0
11265 10000 5273 7889715.0 705446.0 7184269.0
11224 10000 5285 7912767.0 706294.0 7206473.0
1638 1000 738 958641.0 97803.0 860838.0
1638 1000 738 949777.0 97803.0 851974.0
1638 1000 738 972702.0 97803.0 874899.0
1638 1000 738 957329.0 97803.0 859526.0
1638 1000 738 969013.0 97803.0 871210.0
1638 1000 738 950146.0 97803.0 852343.0
1638 1000 738 957681.0 97803.0 859878.0
1638 1000 738 952904.0 97803.0 855101.0
1638 1000 738 955859.0 97803.0 858056.0
1638 1000 738 953189.0 97803.0 855386.0
1638 1000 738 959160.0 97803.0 861357.0
184 100 66 60120.0 8339.0 51781.0
184 100 66 60120.0 8339.0 51781.0
184 100 66 60120.0 8339.0 51781.0
184 100 66 60120.0 8339.0 51781.0
184 100 66 60120.0 8339.0 51781.0
11249 10000 5278 7847327.0 706124.0 7141203.0
11229 10000 5272 7871173.0 705212.0 7165961.0
11261 10000 5275 7917529.0 705272.0 7212257.0
548759 100000 34523 4.59796E7 5011035.0 4.0968565E7
66299 50000 23009 2.8495115E7 3162475.0 2.533264E7
66272 50000 23029 2.8613913E7 3163992.0 2.5449921E7
66262 50000 23024 2.8576307E7 3161476.0 2.5414831E7
66307 50000 23020 2.8604263E7 3160746.0 2.5443517E7
66274 50000 23049 2.8617266E7 3165541.0 2.5451725E7
66330 50000 22990 2.8472066E7 3158115.0 2.5313951E7
66306 50000 22980 2.852739E7 3154548.0 2.5372842E7
66278 50000 22993 2.8538964E7 3158088.0 2.5380876E7
66238 50000 23031 2.856936E7 3163738.0 2.5405622E7
66228 50000 23032 2.8503485E7 3163336.0 2.5340149E7
66319 50000 22999 2.8535238E7 3161749.0 2.5373489E7
66197 50000 23039 2.8691833E7 3163698.0 2.5528135E7
66313 50000 23006 2.8553017E7 3161404.0 2.5391613E7
1638 1000 738 959491.0 97803.0 861688.0
1638 1000 738 963971.0 97803.0 866168.0
1638 1000 738 955432.0 97803.0 857629.0
1638 1000 738 955958.0 97803.0 858155.0
1638 1000 738 958349.0 97803.0 860546.0
1638 1000 738 951877.0 97803.0 854074.0
1638 1000 738 945725.0 97803.0 847922.0
1638 1000 738 958762.0 97803.0 860959.0
184 100 66 60120.0 8339.0 51781.0
184 100 66 60120.0 8339.0 51781.0
184 100 66 60120.0 8339.0 51781.0
184 100 66 60120.0 8339.0 51781.0
